(62497757 24709369)(99595749 66967627)
( 2884197 16939937)(51058209 74944592)

LOW = 			  		  50851806 76787640 19528065 82723184
MID =	              	34782773 77673551 98221206 60701947
HIGH = 1802558 54545876 58348753 54169753
--------------------------------------------------------------------------------
			93131527 31843304 49073013 37489587  19528065 82723184

31910235 98392063 44458600 78282448
 2872537 79281488 53762605 82419499







LOW 					84236975	97594884
MID 		1	6507102		91861050
HIGH 	33494731	10615436
----------------------------------------------------------------------
	33494732	17122539	76098025	97594884
